1111111111111111
0000000011111111
1111100000000000
1111111100000000
1111000000000000
1111111110000000
1111111100000000
1111111111111111
1111111111111111
1111111000000001
1110000000000000
0000011100000000
0000011000000000
1111111100000000
1111111111111111
0000000011111111
1111100000000000
1111111100000000
1111000000000000
1111111110000000
1111111100000000
1111111111111111
1111111111111111
1111111000000001
1110000000000000
0000011100000000
0000011000000000
1111111100000000
1111111111111111
0000000011111111
1111100000000000
1111111100000000
1111000000000000
1111111110000000
1111111100000000
1111111111111111
1111111111111111
1111111000000001
1110000000000000
0000011100000000
0000011000000000
1111111100000000
1111111111111111
0000000011111111
1111100000000000
1111111100000000
1111000000000000
1111111110000000
1111111100000000
1111111111111111
1111111111111111
1111111000000001
1110000000000000
0000011100000000
0000011000000000
1111111100000000
1111111111111111
0000000011111111
1111100000000000
1111111100000000
1111000000000000
1111111110000000
1111111100000000
1111111111111111
1111111111111111
1111111000000001
1110000000000000
0000011100000000
0000011000000000
1111111100000000
1111111111111111
0000000011111111
1111100000000000
1111111100000000
1111000000000000
1111111110000000
1111111100000000
1111111111111111
1111111111111111
1111111000000001
1110000000000000
0000011100000000
0000011000000000
1111111100000000
1111111111111111
0000000011111111
1111100000000000
1111111100000000
1111000000000000
1111111110000000
1111111100000000
1111111111111111
1111111111111111
1111111000000001
1110000000000000
0000011100000000
0000011000000000
1111111100000000
1111111111111111
0000000011111111
1111100000000000
1111111100000000
1111000000000000
1111111110000000
1111111100000000
1111111111111111
1111111111111111
1111111000000001
1110000000000000
0000011100000000
0000011000000000
1111111100000000
1111111111111111
0000000011111111
1111100000000000
1111111100000000
1111000000000000
1111111110000000
1111111100000000
1111111111111111
1111111111111111
1111111000000001
1110000000000000
0000011100000000
0000011000000000
1111111100000000
1111111111111111
0000000011111111
1111100000000000
1111111100000000
1111000000000000
1111111110000000
1111111100000000
1111111111111111
1111111111111111
1111111000000001
1110000000000000
0000011100000000
0000011000000000
1111111100000000